[gd_scene load_steps=14 format=2]

[ext_resource path="res://assets/sprite/environment/trees/greentree2.tscn" type="PackedScene" id=1]
[ext_resource path="res://assets/sprite/environment/trees/pinktree3.tscn" type="PackedScene" id=2]
[ext_resource path="res://assets/sprite/environment/trees/bluetree1.tscn" type="PackedScene" id=3]
[ext_resource path="res://assets/sprite/environment/trees/lightgreentree1.tscn" type="PackedScene" id=4]
[ext_resource path="res://assets/sprite/environment/trees/greentree1.tscn" type="PackedScene" id=5]
[ext_resource path="res://assets/sprite/environment/trees/redtree2.tscn" type="PackedScene" id=6]
[ext_resource path="res://assets/sprite/environment/trees/pinktree1.tscn" type="PackedScene" id=7]
[ext_resource path="res://assets/script/lod.gd" type="Script" id=8]
[ext_resource path="res://assets/sprite/environment/trees/pinktree2.tscn" type="PackedScene" id=9]
[ext_resource path="res://assets/sprite/environment/trees/bluetree3.tscn" type="PackedScene" id=10]
[ext_resource path="res://assets/sprite/environment/trees/redtree3.tscn" type="PackedScene" id=11]
[ext_resource path="res://assets/sprite/environment/trees/greentree3.tscn" type="PackedScene" id=12]
[ext_resource path="res://assets/sprite/environment/trees/lightgreentree3.tscn" type="PackedScene" id=13]

[node name="trees_3" type="Spatial"]
visible = false

[node name="bluetree30" type="Spatial" parent="." instance=ExtResource( 3 )]
transform = Transform( 0.990549, 0, 0.137158, 0, 1, 0, -0.137158, 0, 0.990549, 353.839, -0.432179, 251.875 )
script = ExtResource( 8 )

[node name="pinktree50" type="Spatial" parent="." instance=ExtResource( 7 )]
transform = Transform( -0.0790672, 0, -0.99687, 0, 1, 0, 0.99687, 0, -0.0790672, 349.904, -0.73366, 250.108 )
script = ExtResource( 8 )

[node name="lightgreentree21" type="Spatial" parent="." instance=ExtResource( 13 )]
transform = Transform( 0.178873, 0, 0.983872, 0, 1, 0, -0.983872, 0, 0.178873, 346.88, -0.845242, 250.292 )
script = ExtResource( 8 )

[node name="redtree31" type="Spatial" parent="." instance=ExtResource( 11 )]
transform = Transform( 0.999587, 0, 0.0287546, 0, 1, 0, -0.0287546, 0, 0.999587, 344.096, -1.17822, 250.304 )
script = ExtResource( 8 )

[node name="bluetree31" type="Spatial" parent="." instance=ExtResource( 10 )]
transform = Transform( 0.898559, 0, 0.438852, 0, 1, 0, -0.438852, 0, 0.898559, 348.196, -0.876148, 247.691 )
script = ExtResource( 8 )

[node name="greentree31" type="Spatial" parent="." instance=ExtResource( 12 )]
transform = Transform( 0.684469, 0, 0.729041, 0, 1, 0, -0.729041, 0, 0.684469, 344.602, -0.811918, 247.717 )
script = ExtResource( 8 )

[node name="pinktree51" type="Spatial" parent="." instance=ExtResource( 2 )]
transform = Transform( -0.0700771, 0, 0.997542, 0, 1, 0, -0.997542, 0, -0.0700771, 354.553, -0.418827, 248.562 )
script = ExtResource( 8 )

[node name="redtree32" type="Spatial" parent="." instance=ExtResource( 11 )]
transform = Transform( 0.115129, 0, -0.993351, 0, 1, 0, 0.993351, 0, 0.115129, 353.068, -0.563869, 247.635 )
script = ExtResource( 8 )

[node name="bluetree32" type="Spatial" parent="." instance=ExtResource( 3 )]
transform = Transform( 0.990549, 0, 0.137158, 0, 1, 0, -0.137158, 0, 0.990549, 352.473, -0.898657, 244.091 )
script = ExtResource( 8 )

[node name="greentree32" type="Spatial" parent="." instance=ExtResource( 1 )]
transform = Transform( 0.0245721, 0, 0.999698, 0, 1, 0, -0.999698, 0, 0.0245721, 350.412, -0.623817, 244.572 )
script = ExtResource( 8 )

[node name="pinktree53" type="Spatial" parent="." instance=ExtResource( 7 )]
transform = Transform( -0.0790672, 0, -0.99687, 0, 1, 0, 0.99687, 0, -0.0790672, 348.539, 1.47001, 242.324 )
script = ExtResource( 8 )

[node name="lightgreentree22" type="Spatial" parent="." instance=ExtResource( 13 )]
transform = Transform( 0.178873, 0, 0.983872, 0, 1, 0, -0.983872, 0, 0.178873, 345.515, -0.504285, 242.508 )
script = ExtResource( 8 )

[node name="pinktree54" type="Spatial" parent="." instance=ExtResource( 2 )]
transform = Transform( -0.0700771, 0, 0.997542, 0, 1, 0, -0.997542, 0, -0.0700771, 353.201, -0.83609, 240.813 )
script = ExtResource( 8 )

[node name="redtree33" type="Spatial" parent="." instance=ExtResource( 11 )]
transform = Transform( 0.115129, 0, -0.993351, 0, 1, 0, 0.993351, 0, 0.115129, 351.702, -1.11615, 239.851 )
script = ExtResource( 8 )

[node name="pinktree55" type="Spatial" parent="." instance=ExtResource( 9 )]
transform = Transform( 0.424277, 0, -0.905533, 0, 1, 0, 0.905533, 0, 0.424277, 347.03, -0.485808, 244.109 )
script = ExtResource( 8 )

[node name="lightgreentree23" type="Spatial" parent="." instance=ExtResource( 13 )]
transform = Transform( 0.178873, 0, 0.983872, 0, 1, 0, -0.983872, 0, 0.178873, 359.201, -0.602269, 254.026 )
script = ExtResource( 8 )

[node name="bluetree34" type="Spatial" parent="." instance=ExtResource( 10 )]
transform = Transform( 0.898559, 0, 0.438852, 0, 1, 0, -0.438852, 0, 0.898559, 360.517, -0.643398, 251.425 )
script = ExtResource( 8 )

[node name="bluetree35" type="Spatial" parent="." instance=ExtResource( 3 )]
transform = Transform( 0.990549, 0, 0.137158, 0, 1, 0, -0.137158, 0, 0.990549, 364.794, -0.626837, 247.825 )
script = ExtResource( 8 )

[node name="greentree35" type="Spatial" parent="." instance=ExtResource( 1 )]
transform = Transform( 0.0245721, 0, 0.999698, 0, 1, 0, -0.999698, 0, 0.0245721, 362.733, -0.644437, 248.306 )
script = ExtResource( 8 )

[node name="pinktree59" type="Spatial" parent="." instance=ExtResource( 7 )]
transform = Transform( -0.0790672, 0, -0.99687, 0, 1, 0, 0.99687, 0, -0.0790672, 360.86, -0.622576, 246.058 )
script = ExtResource( 8 )

[node name="lightgreentree24" type="Spatial" parent="." instance=ExtResource( 13 )]
transform = Transform( 0.178873, 0, 0.983872, 0, 1, 0, -0.983872, 0, 0.178873, 357.836, -0.44946, 246.242 )
script = ExtResource( 8 )

[node name="redtree36" type="Spatial" parent="." instance=ExtResource( 11 )]
transform = Transform( 0.115129, 0, -0.993351, 0, 1, 0, 0.993351, 0, 0.115129, 364.04, -0.496188, 243.582 )
script = ExtResource( 8 )

[node name="pinktree61" type="Spatial" parent="." instance=ExtResource( 9 )]
transform = Transform( -0.287342, 0, 0.957828, 0, 1, 0, -0.957828, 0, -0.287342, 359.351, -0.642819, 247.843 )
script = ExtResource( 8 )

[node name="greentree49" type="Spatial" parent="." instance=ExtResource( 12 )]
transform = Transform( -0.281366, 0, 0.9596, 0, 1, 0, -0.9596, 0, -0.281366, 341.415, -1.00241, 250.349 )
script = ExtResource( 8 )

[node name="pinktree87" type="Spatial" parent="." instance=ExtResource( 7 )]
transform = Transform( 0.718075, 0, -0.695966, 0, 1, 0, 0.695966, 0, 0.718075, 344.202, -0.74515, 243.186 )
script = ExtResource( 8 )

[node name="redtree52" type="Spatial" parent="." instance=ExtResource( 11 )]
transform = Transform( 0.808191, 0, 0.58892, 0, 1, 0, -0.58892, 0, 0.808191, 341.715, -1.24627, 245.88 )
script = ExtResource( 8 )

[node name="bluetree53" type="Spatial" parent="." instance=ExtResource( 10 )]
transform = Transform( -0.33235, 0, -0.943156, 0, 1, 0, 0.943156, 0, -0.33235, 339.009, -0.921101, 247.602 )
script = ExtResource( 8 )

[node name="greentree56" type="Spatial" parent="." instance=ExtResource( 12 )]
transform = Transform( 0.939183, 0, 0.343416, 0, 1, 0, -0.343416, 0, 0.939183, 352.371, -1.74802, 234.792 )
script = ExtResource( 8 )

[node name="greentree57" type="Spatial" parent="." instance=ExtResource( 12 )]
transform = Transform( 0.195693, 0, -0.980665, 0, 1, 0, 0.980665, 0, 0.195693, 357.646, -0.913445, 240.208 )
script = ExtResource( 8 )

[node name="bluetree58" type="Spatial" parent="." instance=ExtResource( 10 )]
transform = Transform( 0.372727, 0, -0.927941, 0, 1, 0, 0.927941, 0, 0.372727, 355.777, -0.853004, 238.041 )
script = ExtResource( 8 )

[node name="bluetree59" type="Spatial" parent="." instance=ExtResource( 10 )]
transform = Transform( -0.0297517, 0, 0.999557, 0, 1, 0, -0.999557, 0, -0.0297517, 368.229, -0.373856, 237.27 )
script = ExtResource( 8 )

[node name="bluetree60" type="Spatial" parent="." instance=ExtResource( 10 )]
transform = Transform( -0.386229, 0, -0.922403, 0, 1, 0, 0.922403, 0, -0.386229, 380.758, 0.40164, 236.602 )
script = ExtResource( 8 )

[node name="redtree57" type="Spatial" parent="." instance=ExtResource( 11 )]
transform = Transform( 0.420002, 0, 0.907523, 0, 1, 0, -0.907523, 0, 0.420002, 360.537, -1.19024, 240.821 )
script = ExtResource( 8 )

[node name="redtree58" type="Spatial" parent="." instance=ExtResource( 11 )]
transform = Transform( -0.896454, 0, -0.443137, 0, 1, 0, 0.443137, 0, -0.896454, 372.187, -0.00769043, 236.332 )
script = ExtResource( 8 )

[node name="redtree59" type="Spatial" parent="." instance=ExtResource( 11 )]
transform = Transform( -0.603536, 0, -0.797335, 0, 1, 0, 0.797335, 0, -0.603536, 377.791, 0.0793495, 233.879 )
script = ExtResource( 8 )

[node name="redtree60" type="Spatial" parent="." instance=ExtResource( 11 )]
transform = Transform( -0.986545, 0, -0.163491, 0, 1, 0, 0.163491, 0, -0.986545, 362.903, -0.609673, 237.233 )
script = ExtResource( 8 )

[node name="pinktree91" type="Spatial" parent="." instance=ExtResource( 7 )]
transform = Transform( -0.597989, 0, -0.801504, 0, 1, 0, 0.801504, 0, -0.597989, 355.407, -1.11877, 231.53 )
script = ExtResource( 8 )

[node name="pinktree92" type="Spatial" parent="." instance=ExtResource( 7 )]
transform = Transform( -0.916781, 0, -0.39939, 0, 1, 0, 0.39939, 0, -0.916781, 364.853, -0.648872, 235.076 )
script = ExtResource( 8 )

[node name="pinktree95" type="Spatial" parent="." instance=ExtResource( 7 )]
transform = Transform( -0.694582, 0, -0.719414, 0, 1, 0, 0.719414, 0, -0.694582, 372.579, 0.157539, 231.527 )
script = ExtResource( 8 )

[node name="pinktree198" type="Spatial" parent="." instance=ExtResource( 2 )]
transform = Transform( 0.0265208, 0, 0.999648, 0, 1, 0, -0.999648, 0, 0.0265208, 358.818, 0.308994, 228.706 )
script = ExtResource( 8 )

[node name="pinktree199" type="Spatial" parent="." instance=ExtResource( 2 )]
transform = Transform( 0.993392, 0, -0.114771, 0, 1, 0, 0.114771, 0, 0.993392, 400.963, 1.09302, 214.676 )
script = ExtResource( 8 )

[node name="redtree141" type="Spatial" parent="." instance=ExtResource( 11 )]
transform = Transform( 0.599013, 0, -0.800739, 0, 1, 0, 0.800739, 0, 0.599013, 399.478, 1.5441, 219.122 )
script = ExtResource( 8 )

[node name="redtree142" type="Spatial" parent="." instance=ExtResource( 11 )]
transform = Transform( 0.747788, 0, -0.663937, 0, 1, 0, 0.663937, 0, 0.747788, 382.374, 0.296539, 216.582 )
script = ExtResource( 8 )

[node name="redtree143" type="Spatial" parent="." instance=ExtResource( 11 )]
transform = Transform( -0.502611, 0, 0.864513, 0, 1, 0, -0.864513, 0, -0.502611, 393.428, 1.88425, 223.498 )
script = ExtResource( 8 )

[node name="redtree144" type="Spatial" parent="." instance=ExtResource( 11 )]
transform = Transform( -0.010105, 0, -0.999949, 0, 1, 0, 0.999949, 0, -0.010105, 396.985, 3.07139, 233.056 )
script = ExtResource( 8 )

[node name="redtree145" type="Spatial" parent="." instance=ExtResource( 11 )]
transform = Transform( 0.199863, 0, -0.979824, 0, 1, 0, 0.979824, 0, 0.199863, 415.389, 4.88556, 222.339 )
script = ExtResource( 8 )

[node name="redtree146" type="Spatial" parent="." instance=ExtResource( 11 )]
transform = Transform( -0.300087, 0, 0.953912, 0, 1, 0, -0.953912, 0, -0.300087, 378.335, 1.47261, 226.307 )
script = ExtResource( 8 )

[node name="greentree115" type="Spatial" parent="." instance=ExtResource( 5 )]
transform = Transform( 0.897194, 0, 0.441636, 0, 1, 0, -0.441636, 0, 0.897194, 388.304, 1.82028, 230.779 )
script = ExtResource( 8 )

[node name="greentree116" type="Spatial" parent="." instance=ExtResource( 5 )]
transform = Transform( -0.964722, 0, -0.263271, 0, 1, 0, 0.263271, 0, -0.964722, 395.698, 1.43084, 210.337 )
script = ExtResource( 8 )

[node name="greentree117" type="Spatial" parent="." instance=ExtResource( 5 )]
transform = Transform( 0.119123, 0, 0.99288, 0, 1, 0, -0.99288, 0, 0.119123, 408.922, 1.61492, 219.666 )
script = ExtResource( 8 )

[node name="greentree118" type="Spatial" parent="." instance=ExtResource( 5 )]
transform = Transform( 0.343392, 0, -0.939192, 0, 1, 0, 0.939192, 0, 0.343392, 409.737, 2.08362, 232.792 )
script = ExtResource( 8 )

[node name="greentree121" type="Spatial" parent="." instance=ExtResource( 5 )]
transform = Transform( 0.99992, 0, 0.0126152, 0, 1, 0, -0.0126152, 0, 0.99992, 400.595, 2.61756, 227.057 )
script = ExtResource( 8 )

[node name="lightgreentree110" type="Spatial" parent="." instance=ExtResource( 4 )]
transform = Transform( -0.203345, 0, 0.979107, 0, 1, 0, -0.979107, 0, -0.203345, 406.974, 2.37199, 234.332 )
script = ExtResource( 8 )

[node name="lightgreentree111" type="Spatial" parent="." instance=ExtResource( 4 )]
transform = Transform( 0.607295, 0, 0.794476, 0, 1, 0, -0.794476, 0, 0.607295, 405.832, 1.84005, 221.653 )
script = ExtResource( 8 )

[node name="lightgreentree112" type="Spatial" parent="." instance=ExtResource( 4 )]
transform = Transform( 0.966903, 0, 0.255145, 0, 1, 0, -0.255145, 0, 0.966903, 394.315, 2.29714, 226.135 )
script = ExtResource( 8 )

[node name="lightgreentree113" type="Spatial" parent="." instance=ExtResource( 4 )]
transform = Transform( -0.743849, 0, -0.668347, 0, 1, 0, 0.668347, 0, -0.743849, 386.283, 1.64523, 220.968 )
script = ExtResource( 8 )

[node name="lightgreentree114" type="Spatial" parent="." instance=ExtResource( 4 )]
transform = Transform( 0.901785, 0, 0.432184, 0, 1, 0, -0.432184, 0, 0.901785, 395.593, 0.806396, 215.804 )
script = ExtResource( 8 )

[node name="lightgreentree115" type="Spatial" parent="." instance=ExtResource( 4 )]
transform = Transform( -0.366935, 0, -0.930247, 0, 1, 0, 0.930247, 0, -0.366935, 389.459, 1.31279, 210.038 )
script = ExtResource( 8 )

[node name="lightgreentree116" type="Spatial" parent="." instance=ExtResource( 4 )]
transform = Transform( -0.894651, 0, 0.446766, 0, 1, 0, -0.446766, 0, -0.894651, 367.215, 0.947407, 226.339 )
script = ExtResource( 8 )

[node name="lightgreentree117" type="Spatial" parent="." instance=ExtResource( 4 )]
transform = Transform( -0.420327, 0, -0.907373, 0, 1, 0, 0.907373, 0, -0.420327, 358.279, -0.504704, 233.787 )
script = ExtResource( 8 )

[node name="lightgreentree118" type="Spatial" parent="." instance=ExtResource( 4 )]
transform = Transform( -0.999567, 0, 0.0294377, 0, 1, 0, -0.0294377, 0, -0.999567, 381.994, 0.891628, 231.115 )
script = ExtResource( 8 )

[node name="bluetree119" type="Spatial" parent="." instance=ExtResource( 10 )]
transform = Transform( 0.992269, 0, 0.124103, 0, 1, 0, -0.124103, 0, 0.992269, 390.7, 2.42992, 235.208 )
script = ExtResource( 8 )

[node name="bluetree120" type="Spatial" parent="." instance=ExtResource( 10 )]
transform = Transform( 0.408936, 0, 0.912563, 0, 1, 0, -0.912563, 0, 0.408936, 402.015, 2.73358, 231.33 )
script = ExtResource( 8 )

[node name="bluetree121" type="Spatial" parent="." instance=ExtResource( 10 )]
transform = Transform( -0.956429, 0, 0.291966, 0, 1, 0, -0.291966, 0, -0.956429, 412.454, 2.46872, 223.345 )
script = ExtResource( 8 )

[node name="bluetree122" type="Spatial" parent="." instance=ExtResource( 10 )]
transform = Transform( 0.983943, 0, -0.178484, 0, 1, 0, 0.178484, 0, 0.983943, 405.551, 1.49723, 215.184 )
script = ExtResource( 8 )

[node name="bluetree123" type="Spatial" parent="." instance=ExtResource( 10 )]
transform = Transform( -0.999377, 0, 0.0352793, 0, 1, 0, -0.0352793, 0, -0.999377, 400.278, 2.14908, 223.297 )
script = ExtResource( 8 )

[node name="bluetree124" type="Spatial" parent="." instance=ExtResource( 10 )]
transform = Transform( 0.791789, 0, -0.610795, 0, 1, 0, 0.610795, 0, 0.791789, 389.113, 1.38942, 224.682 )
script = ExtResource( 8 )

[node name="bluetree125" type="Spatial" parent="." instance=ExtResource( 10 )]
transform = Transform( -0.372072, 0, 0.928204, 0, 1, 0, -0.928204, 0, -0.372072, 373.868, 1.28141, 228.96 )
script = ExtResource( 8 )

[node name="bluetree126" type="Spatial" parent="." instance=ExtResource( 10 )]
transform = Transform( -0.953279, 0, -0.30209, 0, 1, 0, 0.30209, 0, -0.953279, 391.361, 1.16101, 213.575 )
script = ExtResource( 8 )

[node name="pinktree209" type="Spatial" parent="." instance=ExtResource( 7 )]
transform = Transform( 0.926749, 0, -0.37568, 0, 1, 0, 0.37568, 0, 0.926749, 392.173, 0.908987, 217.916 )
script = ExtResource( 8 )

[node name="pinktree210" type="Spatial" parent="." instance=ExtResource( 7 )]
transform = Transform( -0.947773, 0, 0.318947, 0, 1, 0, -0.318947, 0, -0.947773, 387.193, -0.464195, 213.275 )
script = ExtResource( 8 )

[node name="pinktree211" type="Spatial" parent="." instance=ExtResource( 7 )]
transform = Transform( -0.997342, 0, 0.0728575, 0, 1, 0, -0.0728575, 0, -0.997342, 381.041, 1.98404, 222.409 )
script = ExtResource( 8 )

[node name="pinktree212" type="Spatial" parent="." instance=ExtResource( 7 )]
transform = Transform( -0.137927, 0, -0.990442, 0, 1, 0, 0.990442, 0, -0.137927, 370.804, 1.38708, 224.035 )
script = ExtResource( 8 )

[node name="redtree147" type="Spatial" parent="." instance=ExtResource( 11 )]
transform = Transform( -0.999011, 0, 0.0444608, 0, 1, 0, -0.0444608, 0, -0.999011, 385.552, 1.26202, 226.893 )
script = ExtResource( 8 )

[node name="redtree148" type="Spatial" parent="." instance=ExtResource( 11 )]
transform = Transform( 0.600156, 0, -0.799883, 0, 1, 0, 0.799883, 0, 0.600156, 392.092, 2.28455, 229.098 )
script = ExtResource( 8 )

[node name="redtree149" type="Spatial" parent="." instance=ExtResource( 11 )]
transform = Transform( 0.968478, 0, 0.2491, 0, 1, 0, -0.2491, 0, 0.968478, 363.063, 0.3727, 229.9 )
script = ExtResource( 8 )

[node name="bluetree127" type="Spatial" parent="." instance=ExtResource( 10 )]
transform = Transform( 0.818924, 0, -0.573902, 0, 1, 0, 0.573902, 0, 0.818924, 369.629, 0.95715, 229.21 )
script = ExtResource( 8 )

[node name="bluetree128" type="Spatial" parent="." instance=ExtResource( 10 )]
transform = Transform( 0.709451, 0, -0.704754, 0, 1, 0, 0.704754, 0, 0.709451, 409.419, 2.13095, 224.943 )
script = ExtResource( 8 )

[node name="pinktree48" type="Spatial" parent="." instance=ExtResource( 2 )]
transform = Transform( -0.0700771, 0, 0.997542, 0, 1, 0, -0.997542, 0, -0.0700771, 358.947, 0.154144, 262.474 )
script = ExtResource( 8 )

[node name="bluetree33" type="Spatial" parent="." instance=ExtResource( 3 )]
transform = Transform( 0.990549, 0, 0.137158, 0, 1, 0, -0.137158, 0, 0.990549, 368.618, 0.573124, 255.269 )
script = ExtResource( 8 )

[node name="greentree33" type="Spatial" parent="." instance=ExtResource( 1 )]
transform = Transform( 0.0245721, 0, 0.999698, 0, 1, 0, -0.999698, 0, 0.0245721, 364.099, 0.118529, 256.09 )
script = ExtResource( 8 )

[node name="pinktree56" type="Spatial" parent="." instance=ExtResource( 7 )]
transform = Transform( -0.0790672, 0, -0.99687, 0, 1, 0, 0.99687, 0, -0.0790672, 362.225, -0.195436, 253.842 )
script = ExtResource( 8 )

[node name="redtree34" type="Spatial" parent="." instance=ExtResource( 11 )]
transform = Transform( 0.999587, 0, 0.0287546, 0, 1, 0, -0.0287546, 0, 0.999587, 356.417, -0.613044, 254.038 )
script = ExtResource( 8 )

[node name="pinktree57" type="Spatial" parent="." instance=ExtResource( 2 )]
transform = Transform( -0.0700771, 0, 0.997542, 0, 1, 0, -0.997542, 0, -0.0700771, 366.875, 0.263096, 252.296 )
script = ExtResource( 8 )

[node name="redtree35" type="Spatial" parent="." instance=ExtResource( 11 )]
transform = Transform( 0.115129, 0, -0.993351, 0, 1, 0, 0.993351, 0, 0.115129, 365.389, 0.00731277, 251.369 )
script = ExtResource( 8 )

[node name="pinktree58" type="Spatial" parent="." instance=ExtResource( 9 )]
transform = Transform( -0.287342, 0, 0.957828, 0, 1, 0, -0.957828, 0, -0.287342, 360.716, -0.291889, 255.627 )
script = ExtResource( 8 )

[node name="pinktree60" type="Spatial" parent="." instance=ExtResource( 2 )]
transform = Transform( -0.0700771, 0, 0.997542, 0, 1, 0, -0.997542, 0, -0.0700771, 365.522, -0.543579, 244.547 )
script = ExtResource( 8 )

[node name="bluetree38" type="Spatial" parent="." instance=ExtResource( 3 )]
transform = Transform( 0.803499, 0, 0.595306, 0, 1, 0, -0.595306, 0, 0.803499, 377.362, 1.40393, 264.536 )
script = ExtResource( 8 )

[node name="greentree38" type="Spatial" parent="." instance=ExtResource( 1 )]
transform = Transform( -0.457765, 0, 0.889073, 0, 1, 0, -0.889073, 0, -0.457765, 375.301, 1.31846, 265.017 )
script = ExtResource( 8 )

[node name="pinktree65" type="Spatial" parent="." instance=ExtResource( 7 )]
transform = Transform( 0.408586, 0, -0.91272, 0, 1, 0, 0.91272, 0, 0.408586, 373.428, 1.02814, 262.769 )
script = ExtResource( 8 )

[node name="pinktree66" type="Spatial" parent="." instance=ExtResource( 2 )]
transform = Transform( -0.539791, 0, 0.841799, 0, 1, 0, -0.841799, 0, -0.539791, 378.09, 1.04075, 261.258 )
script = ExtResource( 8 )

[node name="redtree39" type="Spatial" parent="." instance=ExtResource( 11 )]
transform = Transform( 0.577317, 0, -0.81652, 0, 1, 0, 0.81652, 0, 0.577317, 376.591, 1.34373, 260.296 )
script = ExtResource( 8 )

[node name="bluetree39" type="Spatial" parent="." instance=ExtResource( 3 )]
transform = Transform( 0.803499, 0, 0.595306, 0, 1, 0, -0.595306, 0, 0.803499, 378.755, 2.02728, 249.146 )
script = ExtResource( 8 )

[node name="greentree39" type="Spatial" parent="." instance=ExtResource( 1 )]
transform = Transform( -0.457765, 0, 0.889073, 0, 1, 0, -0.889073, 0, -0.457765, 376.694, 1.64019, 249.627 )
script = ExtResource( 8 )

[node name="pinktree68" type="Spatial" parent="." instance=ExtResource( 7 )]
transform = Transform( 0.408586, 0, -0.91272, 0, 1, 0, 0.91272, 0, 0.408586, 374.82, 1.18291, 247.379 )
script = ExtResource( 8 )

[node name="lightgreentree27" type="Spatial" parent="." instance=ExtResource( 13 )]
transform = Transform( -0.314769, 0, 0.949168, 0, 1, 0, -0.949168, 0, -0.314769, 371.796, 0.775501, 247.563 )
script = ExtResource( 8 )

[node name="redtree40" type="Spatial" parent="." instance=ExtResource( 11 )]
transform = Transform( 0.863407, 0, 0.504509, 0, 1, 0, -0.504509, 0, 0.863407, 369.012, 0.105374, 247.575 )
script = ExtResource( 8 )

[node name="bluetree40" type="Spatial" parent="." instance=ExtResource( 10 )]
transform = Transform( 0.578119, 0, 0.815952, 0, 1, 0, -0.815952, 0, 0.578119, 373.112, 0.770245, 244.962 )
script = ExtResource( 8 )

[node name="greentree40" type="Spatial" parent="." instance=ExtResource( 12 )]
transform = Transform( 0.251104, 0, 0.96796, 0, 1, 0, -0.96796, 0, 0.251104, 369.518, -0.151342, 244.988 )
script = ExtResource( 8 )

[node name="pinktree69" type="Spatial" parent="." instance=ExtResource( 2 )]
transform = Transform( -0.539791, 0, 0.841799, 0, 1, 0, -0.841799, 0, -0.539791, 380.024, 1.54103, 246.697 )
script = ExtResource( 8 )

[node name="redtree41" type="Spatial" parent="." instance=ExtResource( 11 )]
transform = Transform( 0.577317, 0, -0.81652, 0, 1, 0, 0.81652, 0, 0.577317, 377.984, 1.2949, 244.906 )
script = ExtResource( 8 )

[node name="pinktree70" type="Spatial" parent="." instance=ExtResource( 9 )]
transform = Transform( -0.711412, 0, 0.702775, 0, 1, 0, -0.702775, 0, -0.711412, 373.311, 1.06636, 249.164 )
script = ExtResource( 8 )

[node name="bluetree41" type="Spatial" parent="." instance=ExtResource( 3 )]
transform = Transform( 0.803499, 0, 0.595306, 0, 1, 0, -0.595306, 0, 0.803499, 378.124, 1.00261, 242.354 )
script = ExtResource( 8 )

[node name="greentree41" type="Spatial" parent="." instance=ExtResource( 1 )]
transform = Transform( -0.457765, 0, 0.889073, 0, 1, 0, -0.889073, 0, -0.457765, 375.328, 0.546091, 241.843 )
script = ExtResource( 8 )

[node name="pinktree71" type="Spatial" parent="." instance=ExtResource( 7 )]
transform = Transform( 0.408586, 0, -0.91272, 0, 1, 0, 0.91272, 0, 0.408586, 374.403, 0.242916, 239.17 )
script = ExtResource( 8 )

[node name="lightgreentree28" type="Spatial" parent="." instance=ExtResource( 13 )]
transform = Transform( -0.314769, 0, 0.949168, 0, 1, 0, -0.949168, 0, -0.314769, 370.431, -0.472512, 239.779 )
script = ExtResource( 8 )

[node name="pinktree72" type="Spatial" parent="." instance=ExtResource( 2 )]
transform = Transform( -0.539791, 0, 0.841799, 0, 1, 0, -0.841799, 0, -0.539791, 379.034, 0.726694, 239.513 )
script = ExtResource( 8 )

[node name="redtree42" type="Spatial" parent="." instance=ExtResource( 11 )]
transform = Transform( 0.577317, 0, -0.81652, 0, 1, 0, 0.81652, 0, 0.577317, 376.618, 0.167554, 237.122 )
script = ExtResource( 8 )

[node name="pinktree73" type="Spatial" parent="." instance=ExtResource( 9 )]
transform = Transform( -0.711412, 0, 0.702775, 0, 1, 0, -0.702775, 0, -0.711412, 371.946, -0.157153, 241.38 )
script = ExtResource( 8 )

[node name="redtree43" type="Spatial" parent="." instance=ExtResource( 11 )]
transform = Transform( 0.863407, 0, 0.504509, 0, 1, 0, -0.504509, 0, 0.863407, 379.798, 1.54548, 257.252 )
script = ExtResource( 8 )

[node name="greentree43" type="Spatial" parent="." instance=ExtResource( 12 )]
transform = Transform( 0.251104, 0, 0.96796, 0, 1, 0, -0.96796, 0, 0.251104, 380.304, 0.96672, 254.665 )
script = ExtResource( 8 )

[node name="bluetree44" type="Spatial" parent="." instance=ExtResource( 3 )]
transform = Transform( 0.803499, 0, 0.595306, 0, 1, 0, -0.595306, 0, 0.803499, 388.185, 2.32243, 251.052 )
script = ExtResource( 8 )

[node name="pinktree77" type="Spatial" parent="." instance=ExtResource( 7 )]
transform = Transform( 0.408586, 0, -0.91272, 0, 1, 0, 0.91272, 0, 0.408586, 384.241, 2.09382, 249.272 )
script = ExtResource( 8 )

[node name="lightgreentree30" type="Spatial" parent="." instance=ExtResource( 13 )]
transform = Transform( -0.314769, 0, 0.949168, 0, 1, 0, -0.949168, 0, -0.314769, 381.217, 1.7092, 249.456 )
script = ExtResource( 8 )

[node name="redtree45" type="Spatial" parent="." instance=ExtResource( 11 )]
transform = Transform( 0.577317, 0, -0.81652, 0, 1, 0, 0.81652, 0, 0.577317, 387.404, 2.11977, 246.799 )
script = ExtResource( 8 )

[node name="pinktree79" type="Spatial" parent="." instance=ExtResource( 9 )]
transform = Transform( -0.711412, 0, 0.702775, 0, 1, 0, -0.702775, 0, -0.711412, 382.732, 1.63718, 251.057 )
script = ExtResource( 8 )

[node name="bluetree52" type="Spatial" parent="." instance=ExtResource( 10 )]
transform = Transform( 0.278227, 0, -0.960515, 0, 1, 0, 0.960515, 0, 0.278227, 359.247, -0.0740395, 257.872 )
script = ExtResource( 8 )

[node name="greentree55" type="Spatial" parent="." instance=ExtResource( 12 )]
transform = Transform( 0.0462134, 0, 0.998932, 0, 1, 0, -0.998932, 0, 0.0462134, 370.278, 0.962395, 256.684 )
script = ExtResource( 8 )

[node name="greentree58" type="Spatial" parent="." instance=ExtResource( 12 )]
transform = Transform( 0.385948, 0, 0.922521, 0, 1, 0, -0.922521, 0, 0.385948, 367.002, -0.529945, 241.024 )
script = ExtResource( 8 )

[node name="greentree60" type="Spatial" parent="." instance=ExtResource( 12 )]
transform = Transform( -0.999875, 0, 0.0158357, 0, 1, 0, -0.0158357, 0, -0.999875, 390.641, 2.2113, 245.498 )
script = ExtResource( 8 )

[node name="bluetree61" type="Spatial" parent="." instance=ExtResource( 10 )]
transform = Transform( -0.795044, 0, -0.606551, 0, 1, 0, 0.606551, 0, -0.795044, 374.095, 1.28201, 257.688 )
script = ExtResource( 8 )

[node name="lightgreentree36" type="Spatial" parent="." instance=ExtResource( 13 )]
transform = Transform( -0.833268, 0, -0.552869, 0, 1, 0, 0.552869, 0, -0.833268, 385.7, 2.06076, 245.744 )
script = ExtResource( 8 )

[node name="redtree55" type="Spatial" parent="." instance=ExtResource( 11 )]
transform = Transform( -0.999189, 0, 0.0402667, 0, 1, 0, -0.0402667, 0, -0.999189, 387.93, 1.81476, 241.962 )
script = ExtResource( 8 )

[node name="redtree56" type="Spatial" parent="." instance=ExtResource( 11 )]
transform = Transform( -0.335414, 0, 0.942071, 0, 1, 0, -0.942071, 0, -0.335414, 383.19, 1.45812, 240.341 )
script = ExtResource( 8 )

[node name="pinktree93" type="Spatial" parent="." instance=ExtResource( 7 )]
transform = Transform( -0.957636, 0, 0.287983, 0, 1, 0, -0.287983, 0, -0.957636, 385.409, 1.16393, 237.5 )
script = ExtResource( 8 )

[node name="pinktree94" type="Spatial" parent="." instance=ExtResource( 7 )]
transform = Transform( -0.999573, 0, -0.0292371, 0, 1, 0, 0.0292371, 0, -0.999573, 391.356, 1.91042, 239.834 )
script = ExtResource( 8 )

[node name="pinktree98" type="Spatial" parent="." instance=ExtResource( 7 )]
transform = Transform( -0.913314, 0, -0.407256, 0, 1, 0, 0.407256, 0, -0.913314, 380.753, 1.83063, 262.753 )
script = ExtResource( 8 )

[node name="greentree119" type="Spatial" parent="." instance=ExtResource( 5 )]
transform = Transform( -0.638667, 0, -0.769483, 0, 1, 0, 0.769483, 0, -0.638667, 396.74, 3.38243, 245.233 )
script = ExtResource( 8 )

[node name="bluetree111" type="Spatial" parent="." instance=ExtResource( 10 )]
transform = Transform( 0.889045, 0, 0.45782, 0, 1, 0, -0.45782, 0, 0.889045, 430.033, 3.88964, 254.381 )
script = ExtResource( 8 )

[node name="bluetree36" type="Spatial" parent="." instance=ExtResource( 3 )]
transform = Transform( 0.803499, 0, 0.595306, 0, 1, 0, -0.595306, 0, 0.803499, 378.728, 1.25934, 272.32 )
script = ExtResource( 8 )

[node name="greentree36" type="Spatial" parent="." instance=ExtResource( 1 )]
transform = Transform( -0.457765, 0, 0.889073, 0, 1, 0, -0.889073, 0, -0.457765, 376.686, 1.09444, 272.836 )
script = ExtResource( 8 )

[node name="pinktree62" type="Spatial" parent="." instance=ExtResource( 7 )]
transform = Transform( 0.408586, 0, -0.91272, 0, 1, 0, 0.91272, 0, 0.408586, 374.793, 1.17641, 270.553 )
script = ExtResource( 8 )

[node name="lightgreentree25" type="Spatial" parent="." instance=ExtResource( 13 )]
transform = Transform( -0.314769, 0, 0.949168, 0, 1, 0, -0.949168, 0, -0.314769, 371.769, 0.966544, 270.737 )
script = ExtResource( 8 )

[node name="bluetree37" type="Spatial" parent="." instance=ExtResource( 10 )]
transform = Transform( 0.578119, 0, 0.815952, 0, 1, 0, -0.815952, 0, 0.578119, 373.085, 0.831361, 268.136 )
script = ExtResource( 8 )

[node name="greentree37" type="Spatial" parent="." instance=ExtResource( 12 )]
transform = Transform( 0.251104, 0, 0.96796, 0, 1, 0, -0.96796, 0, 0.251104, 369.491, 0.904155, 268.162 )
script = ExtResource( 8 )

[node name="pinktree63" type="Spatial" parent="." instance=ExtResource( 2 )]
transform = Transform( -0.539791, 0, 0.841799, 0, 1, 0, -0.841799, 0, -0.539791, 379.442, 1.35415, 269.006 )
script = ExtResource( 8 )

[node name="redtree38" type="Spatial" parent="." instance=ExtResource( 11 )]
transform = Transform( 0.577317, 0, -0.81652, 0, 1, 0, 0.81652, 0, 0.577317, 377.957, 1.278, 268.08 )
script = ExtResource( 8 )

[node name="pinktree64" type="Spatial" parent="." instance=ExtResource( 9 )]
transform = Transform( -0.711412, 0, 0.702775, 0, 1, 0, -0.702775, 0, -0.711412, 373.284, 1.09669, 272.338 )
script = ExtResource( 8 )

[node name="lightgreentree26" type="Spatial" parent="." instance=ExtResource( 13 )]
transform = Transform( -0.314769, 0, 0.949168, 0, 1, 0, -0.949168, 0, -0.314769, 370.404, 0.726649, 262.953 )
script = ExtResource( 8 )

[node name="pinktree67" type="Spatial" parent="." instance=ExtResource( 9 )]
transform = Transform( -0.711412, 0, 0.702775, 0, 1, 0, -0.702775, 0, -0.711412, 371.919, 0.808121, 264.554 )
script = ExtResource( 8 )

[node name="bluetree42" type="Spatial" parent="." instance=ExtResource( 3 )]
transform = Transform( 0.803499, 0, 0.595306, 0, 1, 0, -0.595306, 0, 0.803499, 389.541, 1.97644, 258.823 )
script = ExtResource( 8 )

[node name="greentree42" type="Spatial" parent="." instance=ExtResource( 1 )]
transform = Transform( -0.457765, 0, 0.889073, 0, 1, 0, -0.889073, 0, -0.457765, 387.48, 1.85668, 259.304 )
script = ExtResource( 8 )

[node name="pinktree74" type="Spatial" parent="." instance=ExtResource( 7 )]
transform = Transform( 0.408586, 0, -0.91272, 0, 1, 0, 0.91272, 0, 0.408586, 385.606, 1.93991, 257.056 )
script = ExtResource( 8 )

[node name="lightgreentree29" type="Spatial" parent="." instance=ExtResource( 13 )]
transform = Transform( -0.314769, 0, 0.949168, 0, 1, 0, -0.949168, 0, -0.314769, 382.582, 1.3517, 257.24 )
script = ExtResource( 8 )

[node name="bluetree43" type="Spatial" parent="." instance=ExtResource( 10 )]
transform = Transform( 0.578119, 0, 0.815952, 0, 1, 0, -0.815952, 0, 0.578119, 383.898, 0.831361, 254.639 )
script = ExtResource( 8 )

[node name="pinktree75" type="Spatial" parent="." instance=ExtResource( 2 )]
transform = Transform( -0.539791, 0, 0.841799, 0, 1, 0, -0.841799, 0, -0.539791, 390.255, 2.15108, 255.51 )
script = ExtResource( 8 )

[node name="redtree44" type="Spatial" parent="." instance=ExtResource( 11 )]
transform = Transform( 0.577317, 0, -0.81652, 0, 1, 0, 0.81652, 0, 0.577317, 388.77, 1.02231, 254.583 )
script = ExtResource( 8 )

[node name="pinktree76" type="Spatial" parent="." instance=ExtResource( 9 )]
transform = Transform( -0.711412, 0, 0.702775, 0, 1, 0, -0.702775, 0, -0.711412, 384.097, 1.89537, 258.841 )
script = ExtResource( 8 )

[node name="greentree44" type="Spatial" parent="." instance=ExtResource( 1 )]
transform = Transform( -0.457765, 0, 0.889073, 0, 1, 0, -0.889073, 0, -0.457765, 386.114, 1.64061, 251.52 )
script = ExtResource( 8 )

[node name="bluetree56" type="Spatial" parent="." instance=ExtResource( 10 )]
transform = Transform( -0.995557, 0, 0.0941581, 0, 1, 0, -0.0941581, 0, -0.995557, 381.816, 1.65952, 269.199 )
script = ExtResource( 8 )

[node name="bluetree57" type="Spatial" parent="." instance=ExtResource( 10 )]
transform = Transform( 0.0124521, 0, -0.999922, 0, 1, 0, 0.999922, 0, 0.0124521, 389.685, 1.89875, 261.093 )
script = ExtResource( 8 )

[node name="pinktree96" type="Spatial" parent="." instance=ExtResource( 7 )]
transform = Transform( -0.999548, 0, 0.0300552, 0, 1, 0, -0.0300552, 0, -0.999548, 382.564, 1.80264, 265.699 )
script = ExtResource( 8 )

[node name="pinktree97" type="Spatial" parent="." instance=ExtResource( 7 )]
transform = Transform( -0.506717, 0, -0.862112, 0, 1, 0, 0.862112, 0, -0.506717, 393.392, 1.82367, 260.02 )
script = ExtResource( 8 )

[node name="lightgreentree1" type="Spatial" parent="." instance=ExtResource( 4 )]
transform = Transform( -0.982305, 0, -0.187289, 0, 1, 0, 0.187289, 0, -0.982305, 398.115, 1.2401, 268.788 )
script = ExtResource( 8 )

[node name="bluetree63" type="Spatial" parent="." instance=ExtResource( 10 )]
transform = Transform( -0.882508, 0, -0.470297, 0, 1, 0, 0.470297, 0, -0.882508, 396.385, 1.42119, 270.463 )
script = ExtResource( 8 )

[node name="pinktree110" type="Spatial" parent="." instance=ExtResource( 7 )]
transform = Transform( 0.700156, 0, 0.71399, 0, 1, 0, -0.71399, 0, 0.700156, 398.988, 1.22556, 265.919 )
script = ExtResource( 8 )

[node name="redtree61" type="Spatial" parent="." instance=ExtResource( 11 )]
transform = Transform( -0.702761, 0, -0.711426, 0, 1, 0, 0.711426, 0, -0.702761, 395.237, 1.52002, 272.012 )
script = ExtResource( 8 )

[node name="greentree61" type="Spatial" parent="." instance=ExtResource( 12 )]
transform = Transform( 0.851653, 0, -0.524106, 0, 1, 0, 0.524106, 0, 0.851653, 393.276, 1.62081, 273.744 )
script = ExtResource( 8 )

[node name="lightgreentree52" type="Spatial" parent="." instance=ExtResource( 4 )]
transform = Transform( 0.987281, 0, -0.158985, 0, 1, 0, 0.158985, 0, 0.987281, 388.717, 2.36416, 276.982 )
script = ExtResource( 8 )

[node name="lightgreentree53" type="Spatial" parent="." instance=ExtResource( 4 )]
transform = Transform( -0.694244, 0, 0.71974, 0, 1, 0, -0.71974, 0, -0.694244, 388.717, 2.36416, 276.982 )
script = ExtResource( 8 )

[node name="lightgreentree54" type="Spatial" parent="." instance=ExtResource( 4 )]
transform = Transform( -0.384676, 0, 0.923051, 0, 1, 0, -0.923051, 0, -0.384676, 388.717, 2.36416, 276.982 )
script = ExtResource( 8 )

[node name="lightgreentree55" type="Spatial" parent="." instance=ExtResource( 4 )]
transform = Transform( -0.467425, 0, -0.884033, 0, 1, 0, 0.884033, 0, -0.467425, 388.717, 2.36416, 276.982 )
script = ExtResource( 8 )

[node name="lightgreentree56" type="Spatial" parent="." instance=ExtResource( 4 )]
transform = Transform( -0.158994, 0, 0.98728, 0, 1, 0, -0.98728, 0, -0.158994, 388.717, 2.36416, 276.982 )
script = ExtResource( 8 )

[node name="greentree120" type="Spatial" parent="." instance=ExtResource( 5 )]
transform = Transform( 0.583402, 0, 0.812184, 0, 1, 0, -0.812184, 0, 0.583402, 403.852, 2.92609, 239.419 )
script = ExtResource( 8 )

[node name="greentree124" type="Spatial" parent="." instance=ExtResource( 5 )]
transform = Transform( 0.702084, 0, 0.712094, 0, 1, 0, -0.712094, 0, 0.702084, 409.401, 1.7897, 265.951 )
script = ExtResource( 8 )

[node name="greentree126" type="Spatial" parent="." instance=ExtResource( 5 )]
transform = Transform( -0.977055, 0, -0.212986, 0, 1, 0, 0.212986, 0, -0.977055, 404.447, 1.78864, 268.557 )
script = ExtResource( 8 )

[node name="greentree127" type="Spatial" parent="." instance=ExtResource( 5 )]
transform = Transform( -0.87376, 0, -0.486357, 0, 1, 0, 0.486357, 0, -0.87376, 410.118, 1.80392, 257.102 )
script = ExtResource( 8 )

[node name="greentree128" type="Spatial" parent="." instance=ExtResource( 5 )]
transform = Transform( -0.984981, 0, 0.172665, 0, 1, 0, -0.172665, 0, -0.984981, 422.544, 1.24211, 261.117 )
script = ExtResource( 8 )

[node name="bluetree109" type="Spatial" parent="." instance=ExtResource( 10 )]
transform = Transform( -0.544809, 0, -0.83856, 0, 1, 0, 0.83856, 0, -0.544809, 415.856, 1.87066, 261.106 )
script = ExtResource( 8 )

[node name="bluetree110" type="Spatial" parent="." instance=ExtResource( 10 )]
transform = Transform( 0.763995, 0, 0.645222, 0, 1, 0, -0.645222, 0, 0.763995, 419.773, 2.73608, 255.139 )
script = ExtResource( 8 )

[node name="bluetree112" type="Spatial" parent="." instance=ExtResource( 10 )]
transform = Transform( -0.356831, 0, -0.934169, 0, 1, 0, 0.934169, 0, -0.356831, 419.227, 2.54056, 246.696 )
script = ExtResource( 8 )

[node name="bluetree113" type="Spatial" parent="." instance=ExtResource( 10 )]
transform = Transform( 0.528125, 0, 0.849166, 0, 1, 0, -0.849166, 0, 0.528125, 405.166, 1.79698, 262.873 )
script = ExtResource( 8 )

[node name="pinktree200" type="Spatial" parent="." instance=ExtResource( 2 )]
transform = Transform( -0.832121, 0, -0.554594, 0, 1, 0, 0.554594, 0, -0.832121, 416.746, 2.25377, 256.057 )
script = ExtResource( 8 )

[node name="pinktree202" type="Spatial" parent="." instance=ExtResource( 2 )]
transform = Transform( 0.955546, 0, -0.294844, 0, 1, 0, 0.294844, 0, 0.955546, 414.919, 1.92302, 251.828 )
script = ExtResource( 8 )

[node name="pinktree203" type="Spatial" parent="." instance=ExtResource( 2 )]
transform = Transform( 0.987804, 0, -0.155701, 0, 1, 0, 0.155701, 0, 0.987804, 417.396, 1.31247, 267.065 )
script = ExtResource( 8 )

[node name="lightgreentree104" type="Spatial" parent="." instance=ExtResource( 4 )]
transform = Transform( -0.0208156, 0, 0.999783, 0, 1, 0, -0.999783, 0, -0.0208156, 411.362, 1.7992, 260.818 )
script = ExtResource( 8 )

[node name="lightgreentree105" type="Spatial" parent="." instance=ExtResource( 4 )]
transform = Transform( -0.00392858, 0, -0.999992, 0, 1, 0, 0.999992, 0, -0.00392858, 421.256, 0.969791, 264.267 )
script = ExtResource( 8 )

[node name="lightgreentree106" type="Spatial" parent="." instance=ExtResource( 4 )]
transform = Transform( 0.997506, 0, -0.0705817, 0, 1, 0, 0.0705817, 0, 0.997506, 421.242, 2.94985, 249.982 )
script = ExtResource( 8 )

[node name="lightgreentree107" type="Spatial" parent="." instance=ExtResource( 4 )]
transform = Transform( 0.293071, 0, -0.956091, 0, 1, 0, 0.956091, 0, 0.293071, 402.079, 1.79804, 264.662 )
script = ExtResource( 8 )

[node name="lightgreentree109" type="Spatial" parent="." instance=ExtResource( 4 )]
transform = Transform( -0.0438498, 0, -0.999038, 0, 1, 0, 0.999038, 0, -0.0438498, 397.67, 3.37026, 239.821 )
script = ExtResource( 8 )

[node name="pinktree81" type="Spatial" parent="." instance=ExtResource( 2 )]
