[gd_scene load_steps=11 format=2]

[ext_resource path="res://assets/sprite/environment/trees/greentree2.tscn" type="PackedScene" id=1]
[ext_resource path="res://assets/sprite/environment/trees/pinktree3.tscn" type="PackedScene" id=2]
[ext_resource path="res://assets/sprite/environment/trees/bluetree1.tscn" type="PackedScene" id=3]
[ext_resource path="res://assets/sprite/environment/trees/lightgreentree1.tscn" type="PackedScene" id=4]
[ext_resource path="res://assets/sprite/environment/trees/pinktree1.tscn" type="PackedScene" id=5]
[ext_resource path="res://assets/script/lod.gd" type="Script" id=6]
[ext_resource path="res://assets/sprite/environment/trees/bluetree3.tscn" type="PackedScene" id=7]
[ext_resource path="res://assets/sprite/environment/trees/redtree3.tscn" type="PackedScene" id=8]
[ext_resource path="res://assets/sprite/environment/trees/greentree3.tscn" type="PackedScene" id=9]
[ext_resource path="res://assets/sprite/environment/trees/lightgreentree3.tscn" type="PackedScene" id=10]

[node name="trees_2" type="Spatial"]
visible = false

[node name="bluetree129" type="Spatial" parent="." instance=ExtResource( 3 )]
transform = Transform( 0.593004, 0, -0.8052, 0, 1, 0, 0.8052, 0, 0.593004, 134.057, 2.15358, 282.532 )
script = ExtResource( 6 )

[node name="bluetree140" type="Spatial" parent="." instance=ExtResource( 3 )]
transform = Transform( 0.948885, 0, 0.315622, 0, 1, 0, -0.315622, 0, 0.948885, 153.873, 2.48738, 270.237 )
script = ExtResource( 6 )

[node name="greentree34" type="Spatial" parent="." instance=ExtResource( 9 )]
transform = Transform( -0.437291, 0, 0.89932, 0, 1, 0, -0.89932, 0, -0.437291, 161.06, 2.10428, 271.265 )
script = ExtResource( 6 )

[node name="greentree143" type="Spatial" parent="." instance=ExtResource( 9 )]
transform = Transform( -0.524054, 0, -0.851685, 0, 1, 0, 0.851685, 0, -0.524054, 119.616, 0.767738, 270.671 )
script = ExtResource( 6 )

[node name="redtree150" type="Spatial" parent="." instance=ExtResource( 8 )]
transform = Transform( 0.999999, 0, 0.00125066, 0, 1, 0, -0.00125066, 0, 0.999999, 100.368, 1.0933, 266.801 )
script = ExtResource( 6 )

[node name="redtree151" type="Spatial" parent="." instance=ExtResource( 8 )]
transform = Transform( -0.420771, 0, 0.907167, 0, 1, 0, -0.907167, 0, -0.420771, 116.135, 1.40326, 282.196 )
script = ExtResource( 6 )

[node name="redtree164" type="Spatial" parent="." instance=ExtResource( 8 )]
transform = Transform( -0.667746, 0, 0.744389, 0, 1, 0, -0.744389, 0, -0.667746, 142.731, 1.70517, 267.504 )
script = ExtResource( 6 )

[node name="pinktree213" type="Spatial" parent="." instance=ExtResource( 2 )]
transform = Transform( -0.326186, 0, 0.945306, 0, 1, 0, -0.945306, 0, -0.326186, 104.889, 4.07946, 286.804 )
script = ExtResource( 6 )

[node name="pinktree214" type="Spatial" parent="." instance=ExtResource( 2 )]
transform = Transform( 0.528988, 0, -0.848629, 0, 1, 0, 0.848629, 0, 0.528988, 105.586, 0.774796, 268.606 )
script = ExtResource( 6 )

[node name="pinktree215" type="Spatial" parent="." instance=ExtResource( 2 )]
transform = Transform( -0.358342, 0, 0.933591, 0, 1, 0, -0.933591, 0, -0.358342, 140.621, 0.814339, 278.329 )
script = ExtResource( 6 )

[node name="pinktree242" type="Spatial" parent="." instance=ExtResource( 2 )]
transform = Transform( 0.999783, 0, 0.0208102, 0, 1, 0, -0.0208102, 0, 0.999783, 122.805, 0.767799, 265.868 )
script = ExtResource( 6 )

[node name="lightgreentree119" type="Spatial" parent="." instance=ExtResource( 4 )]
transform = Transform( 0.449144, 0, -0.893459, 0, 1, 0, 0.893459, 0, 0.449144, 141.772, 1.50743, 298.212 )
script = ExtResource( 6 )

[node name="lightgreentree120" type="Spatial" parent="." instance=ExtResource( 4 )]
transform = Transform( 0.825621, 0, -0.564224, 0, 1, 0, 0.564224, 0, 0.825621, 128.535, 2.6978, 301.025 )
script = ExtResource( 6 )

[node name="lightgreentree150" type="Spatial" parent="." instance=ExtResource( 4 )]
transform = Transform( 0.94792, 0, 0.31851, 0, 1, 0, -0.31851, 0, 0.94792, 137.068, 1.52207, 286.44 )
script = ExtResource( 6 )

[node name="lightgreentree151" type="Spatial" parent="." instance=ExtResource( 4 )]
transform = Transform( -0.881877, 0, -0.471479, 0, 1, 0, 0.471479, 0, -0.881877, 117.003, 2.14467, 290.018 )
script = ExtResource( 6 )

[node name="lightgreentree152" type="Spatial" parent="." instance=ExtResource( 4 )]
transform = Transform( -0.944334, 0, 0.328988, 0, 1, 0, -0.328988, 0, -0.944334, 127.118, 0.876286, 278.697 )
script = ExtResource( 6 )

[node name="lightgreentree153" type="Spatial" parent="." instance=ExtResource( 4 )]
transform = Transform( -0.980815, 0, -0.194941, 0, 1, 0, 0.194941, 0, -0.980815, 110.794, 0.771233, 273.015 )
script = ExtResource( 6 )

[node name="lightgreentree154" type="Spatial" parent="." instance=ExtResource( 4 )]
transform = Transform( 0.582405, 0, -0.812899, 0, 1, 0, 0.812899, 0, 0.582405, 127.125, 1.81097, 285.45 )
script = ExtResource( 6 )

[node name="lightgreentree155" type="Spatial" parent="." instance=ExtResource( 4 )]
transform = Transform( -0.184945, 0, 0.982749, 0, 1, 0, -0.982749, 0, -0.184945, 129.069, 0.770027, 266.938 )
script = ExtResource( 6 )

[node name="lightgreentree156" type="Spatial" parent="." instance=ExtResource( 4 )]
transform = Transform( -0.189661, 0, 0.98185, 0, 1, 0, -0.98185, 0, -0.189661, 111.585, 0.767639, 265.332 )
script = ExtResource( 6 )

[node name="bluetree141" type="Spatial" parent="." instance=ExtResource( 7 )]
transform = Transform( -0.989239, 0, -0.14631, 0, 1, 0, 0.14631, 0, -0.989239, 103.021, 1.50813, 276.058 )
script = ExtResource( 6 )

[node name="bluetree142" type="Spatial" parent="." instance=ExtResource( 7 )]
transform = Transform( -0.151317, 0, 0.988485, 0, 1, 0, -0.988485, 0, -0.151317, 107.609, 3.11849, 288.657 )
script = ExtResource( 6 )

[node name="bluetree143" type="Spatial" parent="." instance=ExtResource( 7 )]
transform = Transform( -0.577266, 0, -0.816556, 0, 1, 0, 0.816556, 0, -0.577266, 120.909, 2.25548, 283.923 )
script = ExtResource( 6 )

[node name="lightgreentree160" type="Spatial" parent="." instance=ExtResource( 10 )]
transform = Transform( -0.856052, 0, 0.51689, 0, 1, 0, -0.51689, 0, -0.856052, 141.416, 1.15261, 282.143 )
script = ExtResource( 6 )

[node name="lightgreentree161" type="Spatial" parent="." instance=ExtResource( 10 )]
transform = Transform( -0.908424, 0, -0.418051, 0, 1, 0, 0.418051, 0, -0.908424, 130.565, 0.772331, 274.141 )
script = ExtResource( 6 )

[node name="lightgreentree162" type="Spatial" parent="." instance=ExtResource( 10 )]
transform = Transform( -0.836358, 0, 0.548184, 0, 1, 0, -0.548184, 0, -0.836358, 117.95, 0.839314, 275.834 )
script = ExtResource( 6 )

[node name="pinktree246" type="Spatial" parent="." instance=ExtResource( 2 )]
transform = Transform( 0.537786, 0, 0.843081, 0, 1, 0, -0.843081, 0, 0.537786, 106.033, 1.72129, 280.514 )
script = ExtResource( 6 )

[node name="pinktree248" type="Spatial" parent="." instance=ExtResource( 2 )]
transform = Transform( -0.663826, 0, 0.747887, 0, 1, 0, -0.747887, 0, -0.663826, 141.094, 1.01202, 272.006 )
script = ExtResource( 6 )

[node name="redtree170" type="Spatial" parent="." instance=ExtResource( 8 )]
transform = Transform( -0.816341, 0, 0.577571, 0, 1, 0, -0.577571, 0, -0.816341, 136.469, 1.02708, 277.925 )
script = ExtResource( 6 )

[node name="redtree171" type="Spatial" parent="." instance=ExtResource( 8 )]
transform = Transform( 0.529197, 0, -0.848499, 0, 1, 0, 0.848499, 0, 0.529197, 123.124, 0.767719, 272.801 )
script = ExtResource( 6 )

[node name="pinktree255" type="Spatial" parent="." instance=ExtResource( 2 )]
transform = Transform( 0.86912, 0, 0.494602, 0, 1, 0, -0.494602, 0, 0.86912, 156.699, 2.42128, 269.086 )
script = ExtResource( 6 )

[node name="pinktree256" type="Spatial" parent="." instance=ExtResource( 2 )]
transform = Transform( -0.84895, 0, -0.528473, 0, 1, 0, 0.528473, 0, -0.84895, 148.569, 2.52986, 267.825 )
script = ExtResource( 6 )

[node name="bluetree162" type="Spatial" parent="." instance=ExtResource( 7 )]
transform = Transform( 0.499515, 0, -0.866305, 0, 1, 0, 0.866305, 0, 0.499515, 150.542, 2.57515, 267.794 )
script = ExtResource( 6 )

[node name="bluetree163" type="Spatial" parent="." instance=ExtResource( 7 )]
transform = Transform( 0.676164, 0, -0.736751, 0, 1, 0, 0.736751, 0, 0.676164, 116.446, 0.767906, 264.337 )
script = ExtResource( 6 )

[node name="bluetree164" type="Spatial" parent="." instance=ExtResource( 7 )]
transform = Transform( -0.991492, 0, 0.13017, 0, 1, 0, -0.13017, 0, -0.991492, 112.613, 0.767639, 270.548 )
script = ExtResource( 6 )

[node name="bluetree165" type="Spatial" parent="." instance=ExtResource( 7 )]
transform = Transform( 0.971819, 0, -0.235727, 0, 1, 0, 0.235727, 0, 0.971819, 103.822, 0.771835, 262.763 )
script = ExtResource( 6 )

[node name="pinktree257" type="Spatial" parent="." instance=ExtResource( 5 )]
transform = Transform( 0.820958, 0, 0.570989, 0, 1, 0, -0.570989, 0, 0.820958, 107.825, 0.767639, 263.074 )
script = ExtResource( 6 )

[node name="pinktree258" type="Spatial" parent="." instance=ExtResource( 5 )]
transform = Transform( 0.504934, 0, -0.863158, 0, 1, 0, 0.863158, 0, 0.504934, 97.6054, 0.82565, 263.062 )
script = ExtResource( 6 )

[node name="pinktree259" type="Spatial" parent="." instance=ExtResource( 5 )]
transform = Transform( -0.485061, 0, 0.87448, 0, 1, 0, -0.87448, 0, -0.485061, 111.66, 1.02067, 281.102 )
script = ExtResource( 6 )

[node name="greentree145" type="Spatial" parent="." instance=ExtResource( 9 )]
transform = Transform( -0.994533, 0, -0.104421, 0, 1, 0, 0.104421, 0, -0.994533, 106.524, 0.913874, 273.736 )
script = ExtResource( 6 )

[node name="greentree146" type="Spatial" parent="." instance=ExtResource( 9 )]
transform = Transform( 0.606542, 0, -0.795052, 0, 1, 0, 0.795052, 0, 0.606542, 122.711, 1.20283, 279.799 )
script = ExtResource( 6 )

[node name="greentree147" type="Spatial" parent="." instance=ExtResource( 9 )]
transform = Transform( 0.892854, 0, 0.450346, 0, 1, 0, -0.450346, 0, 0.892854, 125.741, 0.767639, 270.074 )
script = ExtResource( 6 )

[node name="greentree148" type="Spatial" parent="." instance=ExtResource( 9 )]
transform = Transform( 0.836, 0, -0.54873, 0, 1, 0, 0.54873, 0, 0.836, 131.191, 1.02293, 277.464 )
script = ExtResource( 6 )

[node name="pinktree263" type="Spatial" parent="." instance=ExtResource( 5 )]
transform = Transform( 0.807583, 0, -0.589754, 0, 1, 0, 0.589754, 0, 0.807583, 103.226, 0.787033, 250.953 )
script = ExtResource( 6 )

[node name="pinktree264" type="Spatial" parent="." instance=ExtResource( 5 )]
transform = Transform( 0.998814, 0, -0.0486808, 0, 1, 0, 0.0486808, 0, 0.998814, 169.548, 1.93077, 249.97 )
script = ExtResource( 6 )

[node name="pinktree269" type="Spatial" parent="." instance=ExtResource( 5 )]
transform = Transform( 0.613649, 0, 0.789579, 0, 1, 0, -0.789579, 0, 0.613649, 174.117, 1.48586, 220.961 )
script = ExtResource( 6 )

[node name="redtree176" type="Spatial" parent="." instance=ExtResource( 8 )]
transform = Transform( 0.780772, 0, -0.624816, 0, 1, 0, 0.624816, 0, 0.780772, 143.499, 2.2342, 243.283 )
script = ExtResource( 6 )

[node name="redtree177" type="Spatial" parent="." instance=ExtResource( 8 )]
transform = Transform( 0.333825, 0, 0.942635, 0, 1, 0, -0.942635, 0, 0.333825, 156.702, 3.13017, 255.908 )
script = ExtResource( 6 )

[node name="redtree184" type="Spatial" parent="." instance=ExtResource( 8 )]
transform = Transform( -0.800535, 0, 0.599286, 0, 1, 0, -0.599286, 0, -0.800535, 171.19, 2.58999, 234.395 )
script = ExtResource( 6 )

[node name="bluetree168" type="Spatial" parent="." instance=ExtResource( 7 )]
transform = Transform( 0.564745, 0, 0.825266, 0, 1, 0, -0.825266, 0, 0.564745, 204.168, 0.772064, 254.962 )
script = ExtResource( 6 )

[node name="bluetree210" type="Spatial" parent="." instance=ExtResource( 7 )]
transform = Transform( 0.840622, 0, -0.541622, 0, 1, 0, 0.541622, 0, 0.840622, 159.66, 4.31677, 216.463 )
script = ExtResource( 6 )

[node name="greentree152" type="Spatial" parent="." instance=ExtResource( 9 )]
transform = Transform( -0.0772549, 0, 0.997011, 0, 1, 0, -0.997011, 0, -0.0772549, 172.613, 2.36326, 243.058 )
script = ExtResource( 6 )

[node name="lightgreentree191" type="Spatial" parent="." instance=ExtResource( 4 )]
transform = Transform( 0.999852, 0, 0.0172115, 0, 1, 0, -0.0172115, 0, 0.999852, 164.062, 2.17683, 226.56 )
script = ExtResource( 6 )

[node name="lightgreentree192" type="Spatial" parent="." instance=ExtResource( 4 )]
transform = Transform( -0.974209, 0, -0.225648, 0, 1, 0, 0.225648, 0, -0.974209, 158.302, 2.83592, 249.917 )
script = ExtResource( 6 )

[node name="lightgreentree193" type="Spatial" parent="." instance=ExtResource( 4 )]
transform = Transform( -0.733758, 0, -0.679411, 0, 1, 0, 0.679411, 0, -0.733758, 165.787, 2.57456, 260.414 )
script = ExtResource( 6 )

[node name="lightgreentree194" type="Spatial" parent="." instance=ExtResource( 4 )]
transform = Transform( -0.998845, 0, 0.0480504, 0, 1, 0, -0.0480504, 0, -0.998845, 122.401, 1.8853, 250.959 )
script = ExtResource( 6 )

[node name="lightgreentree195" type="Spatial" parent="." instance=ExtResource( 4 )]
transform = Transform( 0.621451, 0, -0.783453, 0, 1, 0, 0.783453, 0, 0.621451, 129.411, 1.92388, 234.473 )
script = ExtResource( 6 )

[node name="lightgreentree196" type="Spatial" parent="." instance=ExtResource( 4 )]
transform = Transform( -0.82758, 0, 0.561348, 0, 1, 0, -0.561348, 0, -0.82758, 145.228, 2.67048, 250.344 )
script = ExtResource( 6 )

[node name="pinktree319" type="Spatial" parent="." instance=ExtResource( 2 )]
transform = Transform( -0.481262, 0, 0.876577, 0, 1, 0, -0.876577, 0, -0.481262, 168.986, 2.22268, 262.168 )
script = ExtResource( 6 )

[node name="pinktree327" type="Spatial" parent="." instance=ExtResource( 2 )]
transform = Transform( -0.0722644, 0, -0.997386, 0, 1, 0, 0.997386, 0, -0.0722644, 114.854, 1.37635, 254.129 )
script = ExtResource( 6 )

[node name="pinktree328" type="Spatial" parent="." instance=ExtResource( 2 )]
transform = Transform( -0.909391, 0, 0.415942, 0, 1, 0, -0.415942, 0, -0.909391, 131.989, 2.648, 243.109 )
script = ExtResource( 6 )

[node name="pinktree329" type="Spatial" parent="." instance=ExtResource( 2 )]
transform = Transform( 0.333152, 0, 0.942873, 0, 1, 0, -0.942873, 0, 0.333152, 143.585, 3.89035, 221.75 )
script = ExtResource( 6 )

[node name="pinktree330" type="Spatial" parent="." instance=ExtResource( 2 )]
transform = Transform( -0.998167, 0, -0.0605224, 0, 1, 0, 0.0605224, 0, -0.998167, 132.931, 1.89804, 251.782 )
script = ExtResource( 6 )

[node name="pinktree331" type="Spatial" parent="." instance=ExtResource( 2 )]
transform = Transform( 0.0631298, 0, 0.998005, 0, 1, 0, -0.998005, 0, 0.0631298, 115.624, 2.01043, 238.229 )
script = ExtResource( 6 )

[node name="greentree205" type="Spatial" parent="." instance=ExtResource( 9 )]
transform = Transform( 0.653336, 0, 0.757068, 0, 1, 0, -0.757068, 0, 0.653336, 108.077, 1.03996, 252.886 )
script = ExtResource( 6 )

[node name="greentree206" type="Spatial" parent="." instance=ExtResource( 9 )]
transform = Transform( -0.763578, 0, -0.645715, 0, 1, 0, 0.645715, 0, -0.763578, 123.741, 1.39991, 255.489 )
script = ExtResource( 6 )

[node name="greentree207" type="Spatial" parent="." instance=ExtResource( 9 )]
transform = Transform( 0.824282, 0, -0.56618, 0, 1, 0, 0.56618, 0, 0.824282, 128.187, 2.34492, 244.134 )
script = ExtResource( 6 )

[node name="greentree208" type="Spatial" parent="." instance=ExtResource( 9 )]
transform = Transform( 0.271006, 0, -0.962578, 0, 1, 0, 0.962578, 0, 0.271006, 107.216, 2.59052, 240.605 )
script = ExtResource( 6 )

[node name="greentree209" type="Spatial" parent="." instance=ExtResource( 9 )]
transform = Transform( -0.362693, 0, -0.931908, 0, 1, 0, 0.931908, 0, -0.362693, 149.355, 2.78719, 229.45 )
script = ExtResource( 6 )

[node name="greentree210" type="Spatial" parent="." instance=ExtResource( 9 )]
transform = Transform( -0.68423, 0, -0.729266, 0, 1, 0, 0.729266, 0, -0.68423, 157.723, 2.96492, 221.361 )
script = ExtResource( 6 )

[node name="greentree211" type="Spatial" parent="." instance=ExtResource( 9 )]
transform = Transform( 0.657376, 0, -0.753562, 0, 1, 0, 0.753562, 0, 0.657376, 152.438, 2.35112, 242.717 )
script = ExtResource( 6 )

[node name="greentree212" type="Spatial" parent="." instance=ExtResource( 9 )]
transform = Transform( 0.752533, 0, 0.658555, 0, 1, 0, -0.658555, 0, 0.752533, 149.585, 2.45835, 255.008 )
script = ExtResource( 6 )

[node name="greentree214" type="Spatial" parent="." instance=ExtResource( 9 )]
transform = Transform( 0.522785, 0, -0.852465, 0, 1, 0, 0.852465, 0, 0.522785, 159.758, 3.14707, 260.345 )
script = ExtResource( 6 )

[node name="bluetree211" type="Spatial" parent="." instance=ExtResource( 3 )]
transform = Transform( 0.977483, 0, 0.211015, 0, 1, 0, -0.211015, 0, 0.977483, 110.624, 1.20133, 247.324 )
script = ExtResource( 6 )

[node name="bluetree212" type="Spatial" parent="." instance=ExtResource( 3 )]
transform = Transform( 0.994903, 0, 0.100836, 0, 1, 0, -0.100836, 0, 0.994903, 116.449, 1.53485, 250.932 )
script = ExtResource( 6 )

[node name="bluetree213" type="Spatial" parent="." instance=ExtResource( 3 )]
transform = Transform( 0.332624, 0, -0.94306, 0, 1, 0, 0.94306, 0, 0.332624, 122.899, 2.20168, 240.507 )
script = ExtResource( 6 )

[node name="bluetree214" type="Spatial" parent="." instance=ExtResource( 3 )]
transform = Transform( -0.479613, 0, -0.87748, 0, 1, 0, 0.87748, 0, -0.479613, 140.497, 2.14671, 241.231 )
script = ExtResource( 6 )

[node name="bluetree215" type="Spatial" parent="." instance=ExtResource( 3 )]
transform = Transform( 0.952067, 0, 0.305891, 0, 1, 0, -0.305891, 0, 0.952067, 130.399, 1.445, 255.683 )
script = ExtResource( 6 )

[node name="bluetree216" type="Spatial" parent="." instance=ExtResource( 3 )]
transform = Transform( 0.781989, 0, 0.623292, 0, 1, 0, -0.623292, 0, 0.781989, 144.897, 2.41234, 229.968 )
script = ExtResource( 6 )

[node name="bluetree217" type="Spatial" parent="." instance=ExtResource( 3 )]
transform = Transform( 0.999347, 0, 0.0361344, 0, 1, 0, -0.0361344, 0, 0.999347, 135.612, 1.65462, 234.504 )
script = ExtResource( 6 )

[node name="bluetree218" type="Spatial" parent="." instance=ExtResource( 3 )]
transform = Transform( -0.163485, 0, 0.986546, 0, 1, 0, -0.986546, 0, -0.163485, 147.6, 2.03491, 237.602 )
script = ExtResource( 6 )

[node name="bluetree219" type="Spatial" parent="." instance=ExtResource( 3 )]
transform = Transform( 0.375102, 0, 0.926984, 0, 1, 0, -0.926984, 0, 0.375102, 167.57, 2.76847, 242.27 )
script = ExtResource( 6 )

[node name="bluetree220" type="Spatial" parent="." instance=ExtResource( 3 )]
transform = Transform( 0.283088, 0, -0.959094, 0, 1, 0, 0.959094, 0, 0.283088, 171.64, 1.44661, 256.146 )
script = ExtResource( 6 )

[node name="bluetree221" type="Spatial" parent="." instance=ExtResource( 3 )]
transform = Transform( 0.446803, 0, -0.894632, 0, 1, 0, 0.894632, 0, 0.446803, 163.571, 2.21187, 254.925 )
script = ExtResource( 6 )

[node name="pinktree332" type="Spatial" parent="." instance=ExtResource( 5 )]
transform = Transform( -0.637355, 0, 0.77057, 0, 1, 0, -0.77057, 0, -0.637355, 144.814, 2.4792, 257.425 )
script = ExtResource( 6 )

[node name="pinktree333" type="Spatial" parent="." instance=ExtResource( 5 )]
transform = Transform( 0.758649, 0, 0.6515, 0, 1, 0, -0.6515, 0, 0.758649, 135.663, 2.24376, 245.605 )
script = ExtResource( 6 )

[node name="pinktree334" type="Spatial" parent="." instance=ExtResource( 5 )]
transform = Transform( 0.889676, 0, 0.456592, 0, 1, 0, -0.456592, 0, 0.889676, 162.608, 2.76343, 246.434 )
script = ExtResource( 6 )

[node name="redtree226" type="Spatial" parent="." instance=ExtResource( 8 )]
transform = Transform( 0.668123, 0, -0.744051, 0, 1, 0, 0.744051, 0, 0.668123, 117.865, 1.94646, 244.746 )
script = ExtResource( 6 )

[node name="redtree227" type="Spatial" parent="." instance=ExtResource( 8 )]
transform = Transform( -0.954707, 0, 0.297549, 0, 1, 0, -0.297549, 0, -0.954707, 127.33, 1.55126, 251.782 )
script = ExtResource( 6 )

[node name="redtree228" type="Spatial" parent="." instance=ExtResource( 8 )]
transform = Transform( 0.328361, 0, 0.944552, 0, 1, 0, -0.944552, 0, 0.328361, 93.7707, 0.959953, 249.892 )
script = ExtResource( 6 )

[node name="redtree229" type="Spatial" parent="." instance=ExtResource( 8 )]
transform = Transform( 0.252474, 0, -0.967604, 0, 1, 0, 0.967604, 0, 0.252474, 123.276, 2.033, 233.334 )
script = ExtResource( 6 )

[node name="redtree230" type="Spatial" parent="." instance=ExtResource( 8 )]
transform = Transform( -0.675264, 0, -0.737576, 0, 1, 0, 0.737576, 0, -0.675264, 144.96, 1.97234, 233.534 )
script = ExtResource( 6 )

[node name="redtree231" type="Spatial" parent="." instance=ExtResource( 8 )]
transform = Transform( 0.433337, 0, 0.901232, 0, 1, 0, -0.901232, 0, 0.433337, 151.242, 3.21355, 248.956 )
script = ExtResource( 6 )

[node name="redtree232" type="Spatial" parent="." instance=ExtResource( 8 )]
transform = Transform( 0.548494, 0, -0.836155, 0, 1, 0, 0.836155, 0, 0.548494, 98.5954, 1.82724, 241.931 )
script = ExtResource( 6 )

[node name="redtree233" type="Spatial" parent="." instance=ExtResource( 8 )]
transform = Transform( 0.0251711, 0, -0.999683, 0, 1, 0, 0.999683, 0, 0.0251711, 94.1101, 1.71093, 266.865 )
script = ExtResource( 6 )

[node name="bluetree130" type="Spatial" parent="." instance=ExtResource( 3 )]
transform = Transform( 0.0427462, 0, 0.999086, 0, 1, 0, -0.999086, 0, 0.0427462, 169.406, 0.767639, 291.707 )
script = ExtResource( 6 )

[node name="bluetree131" type="Spatial" parent="." instance=ExtResource( 3 )]
transform = Transform( 0.522235, 0, -0.852802, 0, 1, 0, 0.852802, 0, 0.522235, 171.738, 0.647404, 321.061 )
script = ExtResource( 6 )

[node name="bluetree138" type="Spatial" parent="." instance=ExtResource( 3 )]
transform = Transform( 0.698516, 0, -0.715595, 0, 1, 0, 0.715595, 0, 0.698516, 148.096, 0.888779, 315.889 )
script = ExtResource( 6 )

[node name="greentree59" type="Spatial" parent="." instance=ExtResource( 9 )]
transform = Transform( -0.92673, 0, -0.375727, 0, 1, 0, 0.375727, 0, -0.92673, 146.751, 1.10671, 287.709 )
script = ExtResource( 6 )

[node name="greentree129" type="Spatial" parent="." instance=ExtResource( 9 )]
transform = Transform( -0.68979, 0, -0.724009, 0, 1, 0, 0.724009, 0, -0.68979, 161.055, 0.767643, 306.171 )
script = ExtResource( 6 )

[node name="greentree138" type="Spatial" parent="." instance=ExtResource( 9 )]
transform = Transform( 0.498313, 0, 0.866997, 0, 1, 0, -0.866997, 0, 0.498313, 167.042, 1.12088, 331.927 )
script = ExtResource( 6 )

[node name="greentree139" type="Spatial" parent="." instance=ExtResource( 9 )]
transform = Transform( 0.984656, 0, -0.174507, 0, 1, 0, 0.174507, 0, 0.984656, 151.413, 1.04995, 326.07 )
script = ExtResource( 6 )

[node name="greentree142" type="Spatial" parent="." instance=ExtResource( 9 )]
transform = Transform( -0.607619, 0, 0.794228, 0, 1, 0, -0.794228, 0, -0.607619, 150.764, 1.96037, 275.268 )
script = ExtResource( 6 )

[node name="redtree152" type="Spatial" parent="." instance=ExtResource( 8 )]
transform = Transform( -0.958851, 0, 0.283909, 0, 1, 0, -0.283909, 0, -0.958851, 160.526, 1.19264, 282.088 )
script = ExtResource( 6 )

[node name="redtree153" type="Spatial" parent="." instance=ExtResource( 8 )]
transform = Transform( 0.641448, 0, -0.767167, 0, 1, 0, 0.767167, 0, 0.641448, 133.144, 1.87484, 307.308 )
script = ExtResource( 6 )

[node name="redtree156" type="Spatial" parent="." instance=ExtResource( 8 )]
transform = Transform( -0.992131, 0, 0.125207, 0, 1, 0, -0.125207, 0, -0.992131, 169.113, 0.420738, 325.481 )
script = ExtResource( 6 )

[node name="redtree160" type="Spatial" parent="." instance=ExtResource( 8 )]
transform = Transform( 0.990475, 0, 0.137696, 0, 1, 0, -0.137696, 0, 0.990475, 169.674, 0.651703, 339.198 )
script = ExtResource( 6 )

[node name="pinktree78" type="Spatial" parent="." instance=ExtResource( 2 )]
transform = Transform( 0.979083, 0, -0.203463, 0, 1, 0, 0.203463, 0, 0.979083, 124.787, 2.55535, 291.667 )
script = ExtResource( 6 )

[node name="pinktree216" type="Spatial" parent="." instance=ExtResource( 2 )]
transform = Transform( 0.579443, 0, -0.815013, 0, 1, 0, 0.815013, 0, 0.579443, 138.887, 2.00872, 294.115 )
script = ExtResource( 6 )

[node name="pinktree217" type="Spatial" parent="." instance=ExtResource( 2 )]
transform = Transform( 0.951813, 0, -0.30668, 0, 1, 0, 0.30668, 0, 0.951813, 160.318, 0.767632, 289.971 )
script = ExtResource( 6 )

[node name="pinktree218" type="Spatial" parent="." instance=ExtResource( 2 )]
transform = Transform( -0.838916, 0, 0.544261, 0, 1, 0, -0.544261, 0, -0.838916, 141.263, 1.64836, 307.658 )
script = ExtResource( 6 )

[node name="pinktree219" type="Spatial" parent="." instance=ExtResource( 2 )]
transform = Transform( 0.0902621, 0, -0.995918, 0, 1, 0, 0.995918, 0, 0.0902621, 139.675, 2.36494, 326.062 )
script = ExtResource( 6 )

[node name="pinktree220" type="Spatial" parent="." instance=ExtResource( 2 )]
transform = Transform( 0.85862, 0, 0.512612, 0, 1, 0, -0.512612, 0, 0.85862, 159.592, 0.767632, 317.301 )
script = ExtResource( 6 )

[node name="pinktree221" type="Spatial" parent="." instance=ExtResource( 2 )]
transform = Transform( -0.897258, 0, 0.441507, 0, 1, 0, -0.441507, 0, -0.897258, 166.629, 0.767632, 300.615 )
script = ExtResource( 6 )

[node name="pinktree231" type="Spatial" parent="." instance=ExtResource( 2 )]
transform = Transform( 0.92963, 0, -0.368494, 0, 1, 0, 0.368494, 0, 0.92963, 151.487, 3.25628, 334.215 )
script = ExtResource( 6 )

[node name="pinktree232" type="Spatial" parent="." instance=ExtResource( 2 )]
transform = Transform( 0.968043, 0, -0.250785, 0, 1, 0, 0.250785, 0, 0.968043, 163.203, 1.19265, 337.308 )
script = ExtResource( 6 )

[node name="pinktree233" type="Spatial" parent="." instance=ExtResource( 2 )]
transform = Transform( -0.724666, 0, -0.6891, 0, 1, 0, 0.6891, 0, -0.724666, 166.34, 1.02337, 344.807 )
script = ExtResource( 6 )

[node name="pinktree237" type="Spatial" parent="." instance=ExtResource( 2 )]
transform = Transform( 0.568514, 0, 0.822674, 0, 1, 0, -0.822674, 0, 0.568514, 157.62, 1.04906, 327.442 )
script = ExtResource( 6 )

[node name="pinktree238" type="Spatial" parent="." instance=ExtResource( 2 )]
transform = Transform( -0.832423, 0, 0.554141, 0, 1, 0, -0.554141, 0, -0.832423, 151.136, 1.03075, 311.7 )
script = ExtResource( 6 )

[node name="pinktree239" type="Spatial" parent="." instance=ExtResource( 2 )]
transform = Transform( 0.801501, 0, -0.597994, 0, 1, 0, 0.597994, 0, 0.801501, 151.136, 1.03075, 311.7 )
script = ExtResource( 6 )

[node name="pinktree240" type="Spatial" parent="." instance=ExtResource( 2 )]
transform = Transform( -0.105693, 0, 0.994399, 0, 1, 0, -0.994399, 0, -0.105693, 136.882, 1.51287, 316.001 )
script = ExtResource( 6 )

[node name="pinktree241" type="Spatial" parent="." instance=ExtResource( 2 )]
transform = Transform( -0.982114, 0, -0.188288, 0, 1, 0, 0.188288, 0, -0.982114, 128.933, 2.72581, 296.845 )
script = ExtResource( 6 )

[node name="pinktree243" type="Spatial" parent="." instance=ExtResource( 2 )]
transform = Transform( 0.544142, 0, -0.838993, 0, 1, 0, 0.838993, 0, 0.544142, 165.123, 1.83639, 273.02 )
script = ExtResource( 6 )

[node name="lightgreentree121" type="Spatial" parent="." instance=ExtResource( 4 )]
transform = Transform( 0.937254, 0, -0.348647, 0, 1, 0, 0.348647, 0, 0.937254, 153.164, 0.953388, 305.471 )
script = ExtResource( 6 )

[node name="lightgreentree122" type="Spatial" parent="." instance=ExtResource( 4 )]
transform = Transform( 0.212797, 0, 0.977096, 0, 1, 0, -0.977096, 0, 0.212797, 141.474, 1.22564, 313.416 )
script = ExtResource( 6 )

[node name="lightgreentree123" type="Spatial" parent="." instance=ExtResource( 4 )]
transform = Transform( -0.919191, 0, 0.393813, 0, 1, 0, -0.393813, 0, -0.919191, 163.589, 0.767639, 293.706 )
script = ExtResource( 6 )

[node name="lightgreentree124" type="Spatial" parent="." instance=ExtResource( 4 )]
transform = Transform( -0.354226, 0, 0.93516, 0, 1, 0, -0.93516, 0, -0.354226, 164.861, 0.767635, 305.522 )
script = ExtResource( 6 )

[node name="lightgreentree125" type="Spatial" parent="." instance=ExtResource( 4 )]
transform = Transform( -0.455785, 0, 0.89009, 0, 1, 0, -0.89009, 0, -0.455785, 153.972, 0.767635, 316.978 )
script = ExtResource( 6 )

[node name="lightgreentree126" type="Spatial" parent="." instance=ExtResource( 4 )]
transform = Transform( -0.923425, 0, -0.383778, 0, 1, 0, 0.383778, 0, -0.923425, 163.288, 0.985233, 326.093 )
script = ExtResource( 6 )

[node name="lightgreentree127" type="Spatial" parent="." instance=ExtResource( 4 )]
transform = Transform( -0.963716, 0, 0.266929, 0, 1, 0, -0.266929, 0, -0.963716, 144.944, 3.38304, 331.187 )
script = ExtResource( 6 )

[node name="lightgreentree128" type="Spatial" parent="." instance=ExtResource( 4 )]
transform = Transform( 0.720566, 0, -0.693386, 0, 1, 0, 0.693386, 0, 0.720566, 143.629, 0.99649, 322.4 )
script = ExtResource( 6 )

[node name="lightgreentree129" type="Spatial" parent="." instance=ExtResource( 4 )]
transform = Transform( 0.943391, 0, 0.331682, 0, 1, 0, -0.331682, 0, 0.943391, 145.867, 1.31663, 304.69 )
script = ExtResource( 6 )

[node name="lightgreentree130" type="Spatial" parent="." instance=ExtResource( 4 )]
transform = Transform( -0.14504, 0, 0.989426, 0, 1, 0, -0.989426, 0, -0.14504, 132.477, 2.83968, 299.006 )
script = ExtResource( 6 )

[node name="lightgreentree131" type="Spatial" parent="." instance=ExtResource( 4 )]
transform = Transform( -0.374187, 0, 0.927353, 0, 1, 0, -0.927353, 0, -0.374187, 154.407, 0.82819, 286.377 )
script = ExtResource( 6 )

[node name="lightgreentree132" type="Spatial" parent="." instance=ExtResource( 4 )]
transform = Transform( -0.499056, 0, -0.86657, 0, 1, 0, 0.86657, 0, -0.499056, 148.074, 1.78021, 277.058 )
script = ExtResource( 6 )

[node name="lightgreentree149" type="Spatial" parent="." instance=ExtResource( 4 )]
transform = Transform( -0.977001, 0, -0.213233, 0, 1, 0, 0.213233, 0, -0.977001, 167.385, 0.812351, 286.367 )
script = ExtResource( 6 )

[node name="bluetree144" type="Spatial" parent="." instance=ExtResource( 7 )]
transform = Transform( -0.370666, 0, 0.928766, 0, 1, 0, -0.928766, 0, -0.370666, 130.158, 1.8394, 288.257 )
script = ExtResource( 6 )

[node name="bluetree145" type="Spatial" parent="." instance=ExtResource( 7 )]
transform = Transform( -0.990002, 0, -0.141054, 0, 1, 0, 0.141054, 0, -0.990002, 134.917, 2.87673, 300.857 )
script = ExtResource( 6 )

[node name="bluetree146" type="Spatial" parent="." instance=ExtResource( 7 )]
transform = Transform( 0.587784, 0, -0.809018, 0, 1, 0, 0.809018, 0, 0.587784, 158.004, 0.781105, 298.733 )
script = ExtResource( 6 )

[node name="bluetree147" type="Spatial" parent="." instance=ExtResource( 7 )]
transform = Transform( 0.931189, 0, -0.364538, 0, 1, 0, 0.364538, 0, 0.931189, 141.323, 1.27943, 289.742 )
script = ExtResource( 6 )

[node name="bluetree148" type="Spatial" parent="." instance=ExtResource( 7 )]
transform = Transform( -0.0398463, 0, 0.999206, 0, 1, 0, -0.999206, 0, -0.0398463, 147.838, 1.42386, 279.838 )
script = ExtResource( 6 )

[node name="bluetree149" type="Spatial" parent="." instance=ExtResource( 7 )]
transform = Transform( -0.934221, 0, -0.356694, 0, 1, 0, 0.356694, 0, -0.934221, 153.115, 0.882454, 289.858 )
script = ExtResource( 6 )

[node name="bluetree150" type="Spatial" parent="." instance=ExtResource( 7 )]
transform = Transform( -0.107337, 0, -0.994223, 0, 1, 0, 0.994223, 0, -0.107337, 165.248, 1.36176, 277.099 )
script = ExtResource( 6 )

[node name="bluetree151" type="Spatial" parent="." instance=ExtResource( 7 )]
transform = Transform( -0.937272, 0, -0.3486, 0, 1, 0, 0.3486, 0, -0.937272, 160.294, 0.767639, 311.961 )
script = ExtResource( 6 )

[node name="bluetree152" type="Spatial" parent="." instance=ExtResource( 7 )]
transform = Transform( 0.97858, 0, -0.205868, 0, 1, 0, 0.205868, 0, 0.97858, 156.737, 2.30335, 334.175 )
script = ExtResource( 6 )

[node name="bluetree159" type="Spatial" parent="." instance=ExtResource( 7 )]
transform = Transform( 0.934126, 0, -0.356944, 0, 1, 0, 0.356944, 0, 0.934126, 229.582, 1.62988, 289.114 )
script = ExtResource( 6 )

[node name="lightgreentree159" type="Spatial" parent="." instance=ExtResource( 10 )]
transform = Transform( -0.12547, 0, -0.992097, 0, 1, 0, 0.992097, 0, -0.12547, 157.944, 2.2022, 273.91 )
script = ExtResource( 6 )

[node name="pinktree247" type="Spatial" parent="." instance=ExtResource( 2 )]
transform = Transform( 0.185685, 0, 0.982609, 0, 1, 0, -0.982609, 0, 0.185685, 131.673, 2.85544, 293.021 )
script = ExtResource( 6 )

[node name="pinktree249" type="Spatial" parent="." instance=ExtResource( 2 )]
transform = Transform( 0.123127, 0, -0.992391, 0, 1, 0, 0.992391, 0, 0.123127, 145.578, 1.70086, 294.886 )
script = ExtResource( 6 )

[node name="pinktree250" type="Spatial" parent="." instance=ExtResource( 2 )]
transform = Transform( -0.869222, 0, 0.494423, 0, 1, 0, -0.494423, 0, -0.869222, 154.948, 1.66167, 279.826 )
script = ExtResource( 6 )

[node name="pinktree251" type="Spatial" parent="." instance=ExtResource( 2 )]
transform = Transform( -0.999967, 0, 0.0081206, 0, 1, 0, -0.0081206, 0, -0.999967, 165.748, 0.741497, 319.512 )
script = ExtResource( 6 )

[node name="redtree166" type="Spatial" parent="." instance=ExtResource( 8 )]
transform = Transform( 0.66284, 0, -0.748761, 0, 1, 0, 0.748761, 0, 0.66284, 155.634, 0.793957, 324.297 )
script = ExtResource( 6 )

[node name="redtree167" type="Spatial" parent="." instance=ExtResource( 8 )]
transform = Transform( 0.984285, 0, 0.176587, 0, 1, 0, -0.176587, 0, 0.984285, 149.289, 0.833815, 323.021 )
script = ExtResource( 6 )

[node name="redtree168" type="Spatial" parent="." instance=ExtResource( 8 )]
transform = Transform( 0.907401, 0, -0.420265, 0, 1, 0, 0.420265, 0, 0.907401, 147.941, 1.47722, 300.415 )
script = ExtResource( 6 )

[node name="redtree169" type="Spatial" parent="." instance=ExtResource( 8 )]
transform = Transform( 0.245555, 0, -0.969383, 0, 1, 0, 0.969383, 0, 0.245555, 149.66, 1.09317, 283.214 )
script = ExtResource( 6 )

[node name="redtree172" type="Spatial" parent="." instance=ExtResource( 8 )]
transform = Transform( -0.811351, 0, 0.584559, 0, 1, 0, -0.584559, 0, -0.811351, 161.269, 0.767635, 298.275 )
script = ExtResource( 6 )

[node name="redtree173" type="Spatial" parent="." instance=ExtResource( 8 )]
transform = Transform( -0.916281, 0, -0.400535, 0, 1, 0, 0.400535, 0, -0.916281, 170.13, 0.767639, 302.105 )
script = ExtResource( 6 )

[node name="greentree149" type="Spatial" parent="." instance=ExtResource( 9 )]
transform = Transform( 0.32319, 0, -0.946334, 0, 1, 0, 0.946334, 0, 0.32319, 146.788, 1.63088, 270.789 )
script = ExtResource( 6 )

[node name="greentree150" type="Spatial" parent="." instance=ExtResource( 9 )]
transform = Transform( 0.990632, 0, 0.136557, 0, 1, 0, -0.136557, 0, 0.990632, 161.38, 0.906738, 331.347 )
script = ExtResource( 6 )

[node name="greentree151" type="Spatial" parent="." instance=ExtResource( 9 )]
transform = Transform( -0.303261, 0, -0.952908, 0, 1, 0, 0.952908, 0, -0.303261, 172.629, 0.906414, 328.888 )
script = ExtResource( 6 )

[node name="bluetree134" type="Spatial" parent="." instance=ExtResource( 3 )]
transform = Transform( -0.917363, 0, 0.398051, 0, 1, 0, -0.398051, 0, -0.917363, 200.057, 0.767639, 284.898 )
script = ExtResource( 6 )

[node name="bluetree139" type="Spatial" parent="." instance=ExtResource( 3 )]
transform = Transform( -0.957873, 0, -0.287193, 0, 1, 0, 0.287193, 0, -0.957873, 181.209, 0.767654, 294.415 )
script = ExtResource( 6 )

[node name="greentree130" type="Spatial" parent="." instance=ExtResource( 9 )]
transform = Transform( -0.799234, 0, 0.601019, 0, 1, 0, -0.601019, 0, -0.799234, 185.141, 0.820324, 283.812 )
script = ExtResource( 6 )

[node name="greentree131" type="Spatial" parent="." instance=ExtResource( 9 )]
transform = Transform( 0.636602, 0, 0.771192, 0, 1, 0, -0.771192, 0, 0.636602, 183.458, 0.767101, 301.58 )
script = ExtResource( 6 )

[node name="greentree132" type="Spatial" parent="." instance=ExtResource( 9 )]
transform = Transform( 0.266226, 0, -0.963911, 0, 1, 0, 0.963911, 0, 0.266226, 196.764, 0.768682, 272.907 )
script = ExtResource( 6 )

[node name="greentree133" type="Spatial" parent="." instance=ExtResource( 9 )]
transform = Transform( 0.975476, 0, 0.220105, 0, 1, 0, -0.220105, 0, 0.975476, 201.721, 0.767862, 280.434 )
script = ExtResource( 6 )

[node name="greentree144" type="Spatial" parent="." instance=ExtResource( 9 )]
transform = Transform( -0.897437, 0, -0.441143, 0, 1, 0, 0.441143, 0, -0.897437, 118.629, 2.95462, 295.484 )
script = ExtResource( 6 )

[node name="redtree162" type="Spatial" parent="." instance=ExtResource( 8 )]
transform = Transform( -0.809783, 0, 0.586729, 0, 1, 0, -0.586729, 0, -0.809783, 175.727, 0.767639, 299.61 )
script = ExtResource( 6 )

[node name="redtree163" type="Spatial" parent="." instance=ExtResource( 8 )]
transform = Transform( -0.936477, 0, -0.350728, 0, 1, 0, 0.350728, 0, -0.936477, 191.356, 0.769699, 273.158 )
script = ExtResource( 6 )

[node name="pinktree224" type="Spatial" parent="." instance=ExtResource( 2 )]
transform = Transform( -0.993542, 0, 0.113465, 0, 1, 0, -0.113465, 0, -0.993542, 193.55, 0.773155, 281.805 )
script = ExtResource( 6 )

[node name="pinktree244" type="Spatial" parent="." instance=ExtResource( 2 )]
transform = Transform( 0.998457, 0, -0.0555354, 0, 1, 0, 0.0555354, 0, 0.998457, 204.1, 0.768044, 270.554 )
script = ExtResource( 6 )

[node name="lightgreentree134" type="Spatial" parent="." instance=ExtResource( 4 )]
transform = Transform( -0.730997, 0, -0.682381, 0, 1, 0, 0.682381, 0, -0.730997, 176.612, 0.767639, 291.408 )
script = ExtResource( 6 )

[node name="lightgreentree146" type="Spatial" parent="." instance=ExtResource( 4 )]
transform = Transform( 0.858106, 0, -0.513473, 0, 1, 0, 0.513473, 0, 0.858106, 201.258, 0.767639, 288.72 )
script = ExtResource( 6 )

[node name="lightgreentree147" type="Spatial" parent="." instance=ExtResource( 4 )]
transform = Transform( 0.200028, 0, 0.97979, 0, 1, 0, -0.97979, 0, 0.200028, 184.124, 0.767635, 288.337 )
script = ExtResource( 6 )

[node name="lightgreentree148" type="Spatial" parent="." instance=ExtResource( 4 )]
transform = Transform( 0.506471, 0, 0.862257, 0, 1, 0, -0.862257, 0, 0.506471, 187.227, 0.768234, 278.327 )
script = ExtResource( 6 )

[node name="lightgreentree158" type="Spatial" parent="." instance=ExtResource( 10 )]
transform = Transform( 0.462852, 0, -0.886436, 0, 1, 0, 0.886436, 0, 0.462852, 190.414, 0.804321, 285.616 )
script = ExtResource( 6 )

[node name="lightgreentree163" type="Spatial" parent="." instance=ExtResource( 10 )]
transform = Transform( 0.305437, 0, -0.952212, 0, 1, 0, 0.952212, 0, 0.305437, 201.121, 0.76772, 274.497 )
script = ExtResource( 6 )

[node name="pinktree265" type="Spatial" parent="." instance=ExtResource( 5 )]
transform = Transform( -0.999108, 0, -0.0422363, 0, 1, 0, 0.0422363, 0, -0.999108, 179.438, 1.58307, 255.045 )
script = ExtResource( 6 )

[node name="redtree178" type="Spatial" parent="." instance=ExtResource( 8 )]
transform = Transform( -0.974794, 0, 0.223108, 0, 1, 0, -0.223108, 0, -0.974794, 180.408, 1.55241, 262.698 )
script = ExtResource( 6 )

[node name="redtree185" type="Spatial" parent="." instance=ExtResource( 8 )]
transform = Transform( 0.565442, 0, 0.824788, 0, 1, 0, -0.824788, 0, 0.565442, 183.238, 1.15291, 244.612 )
script = ExtResource( 6 )

[node name="bluetree169" type="Spatial" parent="." instance=ExtResource( 7 )]
transform = Transform( 0.959394, 0, 0.282068, 0, 1, 0, -0.282068, 0, 0.959394, 188.997, 1.19407, 249.833 )
script = ExtResource( 6 )

[node name="bluetree209" type="Spatial" parent="." instance=ExtResource( 7 )]
transform = Transform( 0.994223, 0, -0.107336, 0, 1, 0, 0.107336, 0, 0.994223, 176.288, 1.63979, 233.618 )
